0	2014-12-18	512	512	512	51539607552	51539607552	51539607552	48.00	48.00	48.00
1	2014-12-19	512	512	512	51580895232	51580895232	51580895232	48.04	48.04	48.04
2	2014-12-20	513	512	512	51622263552	51622182912	51622182912	48.08	48.08	48.08
3	2014-12-21	513	513	512	51663631872	51663551232	51663470592	48.12	48.12	48.12
4	2014-12-22	514	513	512	51705080832	51704919552	51704758272	48.15	48.15	48.15
5	2014-12-23	514	513	513	51746529792	51746287872	51746126592	48.19	48.19	48.19
6	2014-12-24	515	514	513	51788059392	51787736832	51787494912	48.23	48.23	48.23
7	2014-12-25	515	514	513	51829588992	51829185792	51828863232	48.27	48.27	48.27
8	2014-12-26	516	514	513	51871199232	51870634752	51870231552	48.31	48.31	48.31
9	2014-12-27	516	515	513	51912809472	51912164352	51911599872	48.35	48.35	48.35
10	2014-12-28	517	515	514	51954500352	51953693952	51953048832	48.39	48.39	48.39
11	2014-12-29	517	515	514	51996191232	51995223552	51994497792	48.43	48.42	48.42
12	2014-12-30	518	516	514	52037962752	52036833792	52035946752	48.46	48.46	48.46
13	2014-12-31	518	516	514	52079734272	52078444032	52077395712	48.50	48.50	48.50
14	2015-01-01	519	516	514	52121586432	52120054272	52118844672	48.54	48.54	48.54
15	2015-01-02	519	517	515	52163438592	52161745152	52160374272	48.58	48.58	48.58
16	2015-01-03	520	517	515	52205371392	52203436032	52201903872	48.62	48.62	48.62
17	2015-01-04	520	517	515	52247304192	52245126912	52243433472	48.66	48.66	48.66
18	2015-01-05	521	518	515	52289317632	52286898432	52284963072	48.70	48.70	48.69
19	2015-01-06	521	518	515	52331331072	52328669952	52326492672	48.74	48.73	48.73
20	2015-01-07	522	518	516	52373425152	52370441472	52368102912	48.78	48.77	48.77
21	2015-01-08	522	519	516	52415519232	52412293632	52409713152	48.82	48.81	48.81
22	2015-01-09	523	519	516	52457693952	52454145792	52451323392	48.86	48.85	48.85
23	2015-01-10	523	519	516	52499868672	52495997952	52492933632	48.89	48.89	48.89
24	2015-01-11	524	520	516	52542124032	52537930752	52534543872	48.93	48.93	48.93
25	2015-01-12	524	520	517	52584379392	52579863552	52576234752	48.97	48.97	48.97
26	2015-01-13	525	520	517	52626715392	52621796352	52617925632	49.01	49.01	49.00
27	2015-01-14	525	521	517	52669051392	52663809792	52659616512	49.05	49.05	49.04
28	2015-01-15	526	521	517	52711468032	52705823232	52701307392	49.09	49.09	49.08
29	2015-01-16	526	521	517	52753884672	52747836672	52742998272	49.13	49.13	49.12
30	2015-01-17	527	522	518	52796381952	52789930752	52784769792	49.17	49.16	49.16
31	2015-01-18	527	522	518	52838879232	52832024832	52826541312	49.21	49.20	49.20
32	2015-01-19	528	522	518	52881457152	52874118912	52868312832	49.25	49.24	49.24
33	2015-01-20	528	523	518	52924035072	52916293632	52910084352	49.29	49.28	49.28
34	2015-01-21	529	523	518	52966693632	52958468352	52951855872	49.33	49.32	49.32
35	2015-01-22	529	523	519	53009352192	53000643072	52993708032	49.37	49.36	49.35
36	2015-01-23	530	524	519	53052091392	53042898432	53035560192	49.41	49.40	49.39
37	2015-01-24	530	524	519	53094830592	53085153792	53077412352	49.45	49.44	49.43
38	2015-01-25	531	524	519	53137650432	53127409152	53119264512	49.49	49.48	49.47
39	2015-01-26	531	525	519	53180470272	53169745152	53161116672	49.53	49.52	49.51
40	2015-01-27	532	525	520	53223370752	53212081152	53203049472	49.57	49.56	49.55
41	2015-01-28	532	525	520	53266271232	53254417152	53244982272	49.61	49.60	49.59
42	2015-01-29	533	526	520	53309252352	53296833792	53286915072	49.65	49.64	49.63
43	2015-01-30	533	526	520	53352233472	53339250432	53328847872	49.69	49.68	49.67
44	2015-01-31	534	526	520	53395295232	53381667072	53370780672	49.73	49.72	49.71
45	2015-02-01	534	527	521	53438356992	53424164352	53412794112	49.77	49.76	49.74
46	2015-02-02	535	527	521	53481499392	53466661632	53454807552	49.81	49.79	49.78
47	2015-02-03	535	527	521	53524641792	53509158912	53496820992	49.85	49.83	49.82
48	2015-02-04	536	528	521	53567864832	53551736832	53538834432	49.89	49.87	49.86
49	2015-02-05	536	528	521	53611087872	53594314752	53580847872	49.93	49.91	49.90
50	2015-02-06	537	528	522	53654391552	53636892672	53622941952	49.97	49.95	49.94
51	2015-02-07	537	529	522	53697695232	53679551232	53665036032	50.01	49.99	49.98
52	2015-02-08	538	529	522	53741079552	53722209792	53707130112	50.05	50.03	50.02
53	2015-02-09	538	529	522	53784463872	53764868352	53749224192	50.09	50.07	50.06
54	2015-02-10	539	530	522	53827928832	53807607552	53791318272	50.13	50.11	50.10
55	2015-02-11	539	530	523	53871393792	53850346752	53833492992	50.17	50.15	50.14
56	2015-02-12	540	530	523	53914939392	53893085952	53875667712	50.21	50.19	50.18
57	2015-02-13	540	531	523	53958484992	53935905792	53917842432	50.25	50.23	50.21
58	2015-02-14	541	531	523	54002111232	53978725632	53960017152	50.29	50.27	50.25
59	2015-02-15	541	531	523	54045737472	54021545472	54002191872	50.33	50.31	50.29
60	2015-02-16	542	532	524	54089444352	54064445952	54044447232	50.37	50.35	50.33
61	2015-02-17	542	532	524	54133151232	54107346432	54086702592	50.42	50.39	50.37
62	2015-02-18	543	532	524	54176938752	54150246912	54128957952	50.46	50.43	50.41
63	2015-02-19	543	533	524	54220726272	54193228032	54171213312	50.50	50.47	50.45
64	2015-02-20	544	533	524	54264594432	54236209152	54213468672	50.54	50.51	50.49
65	2015-02-21	544	533	525	54308462592	54279190272	54255804672	50.58	50.55	50.53
66	2015-02-22	545	534	525	54352411392	54322252032	54298140672	50.62	50.59	50.57
67	2015-02-23	545	534	525	54396360192	54365313792	54340476672	50.66	50.63	50.61
68	2015-02-24	546	534	525	54440389632	54408375552	54382812672	50.70	50.67	50.65
69	2015-02-25	546	535	525	54484419072	54451517952	54425148672	50.74	50.71	50.69
70	2015-02-26	547	535	526	54528529152	54494660352	54467565312	50.78	50.75	50.73
71	2015-02-27	547	535	526	54572639232	54537802752	54509981952	50.82	50.79	50.77
72	2015-02-28	548	536	526	54616829952	54581025792	54552398592	50.87	50.83	50.81
73	2015-03-01	548	536	526	54661020672	54624248832	54594815232	50.91	50.87	50.85
74	2015-03-02	549	536	526	54705292032	54667471872	54637231872	50.95	50.91	50.88
75	2015-03-03	549	537	527	54749563392	54710775552	54679729152	50.99	50.95	50.92
76	2015-03-04	550	537	527	54793915392	54754079232	54722226432	51.03	50.99	50.96
77	2015-03-05	550	537	527	54838267392	54797382912	54764723712	51.07	51.03	51.00
78	2015-03-06	551	538	527	54882700032	54840767232	54807220992	51.11	51.07	51.04
79	2015-03-07	551	538	527	54927132672	54884151552	54849718272	51.15	51.11	51.08
80	2015-03-08	552	538	528	54971645952	54927535872	54892296192	51.20	51.16	51.12
81	2015-03-09	552	539	528	55016159232	54971000832	54934874112	51.24	51.20	51.16
82	2015-03-10	553	539	528	55060753152	55014465792	54977452032	51.28	51.24	51.20
83	2015-03-11	553	539	528	55105347072	55057930752	55020029952	51.32	51.28	51.24
84	2015-03-12	554	540	528	55150021632	55101476352	55062607872	51.36	51.32	51.28
85	2015-03-13	554	540	529	55194696192	55145021952	55105266432	51.40	51.36	51.32
86	2015-03-14	555	540	529	55239451392	55188567552	55147924992	51.45	51.40	51.36
87	2015-03-15	555	541	529	55284206592	55232193792	55190583552	51.49	51.44	51.40
88	2015-03-16	556	541	529	55329042432	55275820032	55233242112	51.53	51.48	51.44
89	2015-03-17	556	541	529	55373878272	55319446272	55275900672	51.57	51.52	51.48
90	2015-03-18	557	542	530	55418794752	55363153152	55318639872	51.61	51.56	51.52
91	2015-03-19	557	542	530	55463711232	55406860032	55361379072	51.65	51.60	51.56
92	2015-03-20	558	542	530	55508708352	55450566912	55404118272	51.70	51.64	51.60
93	2015-03-21	558	543	530	55553705472	55494354432	55446857472	51.74	51.68	51.64
94	2015-03-22	559	543	530	55598783232	55538141952	55489596672	51.78	51.72	51.68
95	2015-03-23	559	543	531	55643860992	55581929472	55532416512	51.82	51.76	51.72
96	2015-03-24	560	544	531	55689019392	55625797632	55575236352	51.86	51.81	51.76
97	2015-03-25	560	544	531	55734177792	55669665792	55618056192	51.91	51.85	51.80
98	2015-03-26	561	544	531	55779416832	55713533952	55660876032	51.95	51.89	51.84
99	2015-03-27	561	545	531	55824655872	55757482752	55703695872	51.99	51.93	51.88
100	2015-03-28	562	545	532	55869975552	55801431552	55746596352	52.03	51.97	51.92
101	2015-03-29	562	545	532	55915295232	55845380352	55789496832	52.08	52.01	51.96
102	2015-03-30	563	546	532	55960695552	55889409792	55832397312	52.12	52.05	52.00
103	2015-03-31	563	546	532	56006095872	55933439232	55875297792	52.16	52.09	52.04
104	2015-04-01	564	546	532	56051576832	55977468672	55918198272	52.20	52.13	52.08
105	2015-04-02	564	547	533	56097057792	56021578752	55961179392	52.24	52.17	52.12
106	2015-04-03	565	547	533	56142619392	56065688832	56004160512	52.29	52.22	52.16
107	2015-04-04	565	547	533	56188180992	56109798912	56047141632	52.33	52.26	52.20
108	2015-04-05	566	548	533	56233823232	56153989632	56090122752	52.37	52.30	52.24
109	2015-04-06	566	548	533	56279465472	56198180352	56133103872	52.41	52.34	52.28
110	2015-04-07	567	548	534	56325188352	56242371072	56176165632	52.46	52.38	52.32
111	2015-04-08	567	549	534	56370911232	56286642432	56219227392	52.50	52.42	52.36
112	2015-04-09	568	549	534	56416714752	56330913792	56262289152	52.54	52.46	52.40
113	2015-04-10	568	549	534	56462518272	56375185152	56305350912	52.58	52.50	52.44
114	2015-04-11	569	550	534	56508402432	56419537152	56348412672	52.63	52.54	52.48
115	2015-04-12	569	550	535	56554286592	56463889152	56391555072	52.67	52.59	52.52
116	2015-04-13	570	550	535	56600251392	56508241152	56434697472	52.71	52.63	52.56
117	2015-04-14	570	551	535	56646216192	56552673792	56477839872	52.76	52.67	52.60
118	2015-04-15	571	551	535	56692261632	56597106432	56520982272	52.80	52.71	52.64
119	2015-04-16	571	551	535	56738307072	56641539072	56564124672	52.84	52.75	52.68
120	2015-04-17	572	552	536	56784433152	56686052352	56607347712	52.88	52.79	52.72
121	2015-04-18	572	552	536	56830559232	56730565632	56650570752	52.93	52.83	52.76
122	2015-04-19	573	552	536	56876765952	56775078912	56693793792	52.97	52.88	52.80
123	2015-04-20	573	553	536	56922972672	56819672832	56737016832	53.01	52.92	52.84
124	2015-04-21	574	553	536	56969260032	56864266752	56780239872	53.06	52.96	52.88
125	2015-04-22	574	553	537	57015547392	56908860672	56823543552	53.10	53.00	52.92
126	2015-04-23	575	554	537	57061915392	56953535232	56866847232	53.14	53.04	52.96
127	2015-04-24	575	554	537	57108283392	56998209792	56910150912	53.19	53.08	53.00
128	2015-04-25	576	554	537	57154732032	57042884352	56953454592	53.23	53.13	53.04
129	2015-04-26	576	555	537	57201180672	57087639552	56996758272	53.27	53.17	53.08
130	2015-04-27	577	555	538	57247709952	57132394752	57040142592	53.32	53.21	53.12
131	2015-04-28	577	555	538	57294239232	57177149952	57083526912	53.36	53.25	53.16
132	2015-04-29	578	556	538	57340849152	57221985792	57126911232	53.40	53.29	53.20
133	2015-04-30	578	556	538	57387459072	57266821632	57170295552	53.45	53.33	53.24
134	2015-05-01	579	556	538	57434149632	57311657472	57213679872	53.49	53.38	53.28
135	2015-05-02	579	557	539	57480840192	57356573952	57257144832	53.53	53.42	53.32
136	2015-05-03	580	557	539	57527611392	57401490432	57300609792	53.58	53.46	53.37
137	2015-05-04	580	557	539	57574382592	57446406912	57344074752	53.62	53.50	53.41
138	2015-05-05	581	558	539	57621234432	57491404032	57387539712	53.66	53.54	53.45
139	2015-05-06	581	558	539	57668086272	57536401152	57431004672	53.71	53.58	53.49
140	2015-05-07	582	558	540	57715018752	57581398272	57474550272	53.75	53.63	53.53
141	2015-05-08	582	559	540	57761951232	57626476032	57518095872	53.80	53.67	53.57
142	2015-05-09	583	559	540	57808964352	57671553792	57561641472	53.84	53.71	53.61
143	2015-05-10	583	559	540	57855977472	57716631552	57605187072	53.88	53.75	53.65
144	2015-05-11	584	560	540	57903071232	57761789952	57648732672	53.93	53.79	53.69
145	2015-05-12	584	560	541	57950164992	57806948352	57692358912	53.97	53.84	53.73
146	2015-05-13	585	560	541	57997339392	57852106752	57735985152	54.01	53.88	53.77
147	2015-05-14	585	561	541	58044513792	57897345792	57779611392	54.06	53.92	53.81
148	2015-05-15	586	561	541	58091768832	57942584832	57823237632	54.10	53.96	53.85
149	2015-05-16	586	561	541	58139023872	57987823872	57866863872	54.15	54.01	53.89
150	2015-05-17	587	562	542	58186359552	58033143552	57910570752	54.19	54.05	53.93
151	2015-05-18	587	562	542	58233695232	58078463232	57954277632	54.23	54.09	53.97
152	2015-05-19	588	562	542	58281111552	58123782912	57997984512	54.28	54.13	54.01
153	2015-05-20	588	563	542	58328527872	58169183232	58041691392	54.32	54.17	54.06
154	2015-05-21	589	563	542	58376024832	58214583552	58085398272	54.37	54.22	54.10
155	2015-05-22	589	563	543	58423521792	58259983872	58129185792	54.41	54.26	54.14
156	2015-05-23	590	564	543	58471099392	58305464832	58172973312	54.46	54.30	54.18
157	2015-05-24	590	564	543	58518676992	58350945792	58216760832	54.50	54.34	54.22
158	2015-05-25	591	564	543	58566335232	58396426752	58260548352	54.54	54.39	54.26
159	2015-05-26	591	565	543	58613993472	58441988352	58304335872	54.59	54.43	54.30
160	2015-05-27	592	565	544	58661732352	58487549952	58348204032	54.63	54.47	54.34
161	2015-05-28	592	565	544	58709471232	58533111552	58392072192	54.68	54.51	54.38
162	2015-05-29	593	566	544	58757290752	58578753792	58435940352	54.72	54.56	54.42
163	2015-05-30	593	566	544	58805110272	58624396032	58479808512	54.77	54.60	54.46
164	2015-05-31	594	566	544	58853010432	58670038272	58523676672	54.81	54.64	54.50
165	2015-06-01	594	567	545	58900910592	58715761152	58567625472	54.86	54.68	54.55
166	2015-06-02	595	567	545	58948891392	58761484032	58611574272	54.90	54.73	54.59
167	2015-06-03	595	567	545	58996872192	58807206912	58655523072	54.95	54.77	54.63
168	2015-06-04	596	568	545	59044933632	58853010432	58699471872	54.99	54.81	54.67
169	2015-06-05	596	568	545	59092995072	58898813952	58743420672	55.03	54.85	54.71
170	2015-06-06	597	568	546	59141137152	58944617472	58787450112	55.08	54.90	54.75
171	2015-06-07	597	569	546	59189279232	58990501632	58831479552	55.12	54.94	54.79
172	2015-06-08	598	569	546	59237501952	59036385792	58875508992	55.17	54.98	54.83
173	2015-06-09	598	569	546	59285724672	59082269952	58919538432	55.21	55.02	54.87
174	2015-06-10	599	570	546	59334028032	59128234752	58963567872	55.26	55.07	54.91
175	2015-06-11	599	570	547	59382331392	59174199552	59007677952	55.30	55.11	54.96
176	2015-06-12	600	570	547	59430715392	59220164352	59051788032	55.35	55.15	55.00
177	2015-06-13	600	571	547	59479099392	59266209792	59095898112	55.39	55.20	55.04
178	2015-06-14	601	571	547	59527564032	59312255232	59140008192	55.44	55.24	55.08
179	2015-06-15	601	571	547	59576028672	59358300672	59184118272	55.48	55.28	55.12
180	2015-06-16	602	572	548	59624573952	59404426752	59228308992	55.53	55.32	55.16
181	2015-06-17	602	572	548	59673119232	59450552832	59272499712	55.57	55.37	55.20
182	2015-06-18	603	572	548	59721745152	59496678912	59316690432	55.62	55.41	55.24
183	2015-06-19	603	573	548	59770371072	59542885632	59360881152	55.67	55.45	55.28
184	2015-06-20	604	573	548	59819077632	59589092352	59405071872	55.71	55.50	55.33
185	2015-06-21	604	573	549	59867784192	59635299072	59449343232	55.76	55.54	55.37
186	2015-06-22	605	574	549	59916571392	59681586432	59493614592	55.80	55.58	55.41
187	2015-06-23	605	574	549	59965358592	59727873792	59537885952	55.85	55.63	55.45
188	2015-06-24	606	574	549	60014226432	59774161152	59582157312	55.89	55.67	55.49
189	2015-06-25	606	575	549	60063094272	59820529152	59626428672	55.94	55.71	55.53
190	2015-06-26	607	575	550	60112042752	59866897152	59670780672	55.98	55.76	55.57
191	2015-06-27	607	575	550	60160991232	59913265152	59715132672	56.03	55.80	55.61
192	2015-06-28	608	576	550	60210020352	59959713792	59759484672	56.07	55.84	55.66
193	2015-06-29	608	576	550	60259049472	60006162432	59803836672	56.12	55.89	55.70
194	2015-06-30	609	576	550	60308159232	60052611072	59848188672	56.17	55.93	55.74
195	2015-07-01	609	577	551	60357268992	60099140352	59892621312	56.21	55.97	55.78
196	2015-07-02	610	577	551	60406459392	60145669632	59937053952	56.26	56.02	55.82
197	2015-07-03	610	577	551	60455649792	60192198912	59981486592	56.30	56.06	55.86
198	2015-07-04	611	578	551	60504920832	60238808832	60025919232	56.35	56.10	55.90
199	2015-07-05	611	578	551	60554191872	60285418752	60070351872	56.40	56.15	55.94
200	2015-07-06	612	578	552	60603543552	60332028672	60114865152	56.44	56.19	55.99
201	2015-07-07	612	579	552	60652895232	60378719232	60159378432	56.49	56.23	56.03
202	2015-07-08	613	579	552	60702327552	60425409792	60203891712	56.53	56.28	56.07
203	2015-07-09	613	579	552	60751759872	60472100352	60248404992	56.58	56.32	56.11
204	2015-07-10	614	580	552	60801272832	60518871552	60292918272	56.63	56.36	56.15
205	2015-07-11	614	580	553	60850785792	60565642752	60337512192	56.67	56.41	56.19
206	2015-07-12	615	580	553	60900379392	60612413952	60382106112	56.72	56.45	56.24
207	2015-07-13	615	581	553	60949972992	60659265792	60426700032	56.76	56.49	56.28
208	2015-07-14	616	581	553	60999647232	60706117632	60471293952	56.81	56.54	56.32
209	2015-07-15	616	581	553	61049321472	60752969472	60515887872	56.86	56.58	56.36
210	2015-07-16	617	582	554	61099076352	60799901952	60560562432	56.90	56.62	56.40
211	2015-07-17	617	582	554	61148831232	60846834432	60605236992	56.95	56.67	56.44
212	2015-07-18	618	582	554	61198666752	60893766912	60649911552	57.00	56.71	56.48
213	2015-07-19	618	583	554	61248502272	60940780032	60694586112	57.04	56.76	56.53
214	2015-07-20	619	583	554	61298418432	60987793152	60739260672	57.09	56.80	56.57
215	2015-07-21	619	583	555	61348334592	61034806272	60784015872	57.14	56.84	56.61
216	2015-07-22	620	584	555	61398331392	61081900032	60828771072	57.18	56.89	56.65
217	2015-07-23	620	584	555	61448328192	61128993792	60873526272	57.23	56.93	56.69
218	2015-07-24	621	584	555	61498405632	61176087552	60918281472	57.27	56.97	56.73
219	2015-07-25	621	585	555	61548483072	61223261952	60963036672	57.32	57.02	56.78
220	2015-07-26	622	585	556	61598641152	61270436352	61007872512	57.37	57.06	56.82
221	2015-07-27	622	585	556	61648799232	61317610752	61052708352	57.41	57.11	56.86
222	2015-07-28	623	586	556	61699037952	61364865792	61097544192	57.46	57.15	56.90
223	2015-07-29	623	586	556	61749276672	61412120832	61142380032	57.51	57.19	56.94
224	2015-07-30	624	586	556	61799596032	61459375872	61187215872	57.56	57.24	56.99
225	2015-07-31	624	587	557	61849915392	61506711552	61232132352	57.60	57.28	57.03
226	2015-08-01	625	587	557	61900315392	61554047232	61277048832	57.65	57.33	57.07
227	2015-08-02	625	587	557	61950715392	61601382912	61321965312	57.70	57.37	57.11
228	2015-08-03	626	588	557	62001196032	61648799232	61366881792	57.74	57.41	57.15
229	2015-08-04	626	588	557	62051676672	61696215552	61411798272	57.79	57.46	57.19
230	2015-08-05	627	588	558	62102237952	61743631872	61456795392	57.84	57.50	57.24
231	2015-08-06	627	589	558	62152799232	61791128832	61501792512	57.88	57.55	57.28
232	2015-08-07	628	589	558	62203441152	61838625792	61546789632	57.93	57.59	57.32
233	2015-08-08	628	589	558	62254083072	61886122752	61591786752	57.98	57.64	57.36
234	2015-08-09	629	590	558	62304805632	61933700352	61636783872	58.03	57.68	57.40
235	2015-08-10	629	590	559	62355528192	61981277952	61681861632	58.07	57.72	57.45
236	2015-08-11	630	590	559	62406331392	62028855552	61726939392	58.12	57.77	57.49
237	2015-08-12	630	591	559	62457134592	62076513792	61772017152	58.17	57.81	57.53
238	2015-08-13	631	591	559	62508018432	62124172032	61817094912	58.22	57.86	57.57
239	2015-08-14	631	591	559	62558902272	62171830272	61862172672	58.26	57.90	57.61
240	2015-08-15	632	592	560	62609866752	62219569152	61907331072	58.31	57.95	57.66
241	2015-08-16	632	592	560	62660831232	62267308032	61952489472	58.36	57.99	57.70
242	2015-08-17	633	592	560	62711876352	62315046912	61997647872	58.40	58.04	57.74
243	2015-08-18	633	593	560	62762921472	62362866432	62042806272	58.45	58.08	57.78
244	2015-08-19	634	593	560	62814047232	62410685952	62087964672	58.50	58.12	57.82
245	2015-08-20	634	593	561	62865172992	62458505472	62133203712	58.55	58.17	57.87
246	2015-08-21	635	594	561	62916379392	62506405632	62178442752	58.60	58.21	57.91
247	2015-08-22	635	594	561	62967585792	62554305792	62223681792	58.64	58.26	57.95
248	2015-08-23	636	594	561	63018872832	62602205952	62268920832	58.69	58.30	57.99
249	2015-08-24	636	595	561	63070159872	62650186752	62314159872	58.74	58.35	58.03
250	2015-08-25	637	595	562	63121527552	62698167552	62359479552	58.79	58.39	58.08
251	2015-08-26	637	595	562	63172895232	62746148352	62404799232	58.83	58.44	58.12
252	2015-08-27	638	596	562	63224343552	62794209792	62450118912	58.88	58.48	58.16
253	2015-08-28	638	596	562	63275791872	62842271232	62495438592	58.93	58.53	58.20
254	2015-08-29	639	596	562	63327320832	62890332672	62540758272	58.98	58.57	58.25
255	2015-08-30	639	597	563	63378849792	62938474752	62586158592	59.03	58.62	58.29
256	2015-08-31	640	597	563	63430459392	62986616832	62631558912	59.07	58.66	58.33
257	2015-09-01	640	597	563	63482068992	63034758912	62676959232	59.12	58.71	58.37
258	2015-09-02	641	598	563	63533759232	63082981632	62722359552	59.17	58.75	58.41
259	2015-09-03	641	598	563	63585449472	63131204352	62767759872	59.22	58.80	58.46
260	2015-09-04	642	598	564	63637220352	63179427072	62813240832	59.27	58.84	58.50
261	2015-09-05	642	599	564	63688991232	63227730432	62858721792	59.31	58.89	58.54
262	2015-09-06	643	599	564	63740842752	63276033792	62904202752	59.36	58.93	58.58
263	2015-09-07	643	599	564	63792694272	63324337152	62949683712	59.41	58.98	58.63
264	2015-09-08	644	600	564	63844626432	63372721152	62995164672	59.46	59.02	58.67
265	2015-09-09	644	600	565	63896558592	63421105152	63040726272	59.51	59.07	58.71
266	2015-09-10	645	600	565	63948571392	63469489152	63086287872	59.56	59.11	58.75
267	2015-09-11	645	601	565	64000584192	63517953792	63131849472	59.61	59.16	58.80
268	2015-09-12	646	601	565	64052677632	63566418432	63177411072	59.65	59.20	58.84
269	2015-09-13	646	601	565	64104771072	63614883072	63222972672	59.70	59.25	58.88
270	2015-09-14	647	602	566	64156945152	63663428352	63268614912	59.75	59.29	58.92
271	2015-09-15	647	602	566	64209119232	63711973632	63314257152	59.80	59.34	58.97
272	2015-09-16	648	602	566	64261373952	63760518912	63359899392	59.85	59.38	59.01
273	2015-09-17	648	603	566	64313628672	63809144832	63405541632	59.90	59.43	59.05
274	2015-09-18	649	603	566	64365964032	63857770752	63451183872	59.95	59.47	59.09
275	2015-09-19	649	603	567	64418299392	63906396672	63496906752	59.99	59.52	59.14
276	2015-09-20	650	604	567	64470715392	63955103232	63542629632	60.04	59.56	59.18
277	2015-09-21	650	604	567	64523131392	64003809792	63588352512	60.09	59.61	59.22
278	2015-09-22	651	604	567	64575628032	64052516352	63634075392	60.14	59.65	59.26
279	2015-09-23	651	605	567	64628124672	64101303552	63679798272	60.19	59.70	59.31
280	2015-09-24	652	605	568	64680701952	64150090752	63725601792	60.24	59.74	59.35
281	2015-09-25	652	605	568	64733279232	64198877952	63771405312	60.29	59.79	59.39
282	2015-09-26	653	606	568	64785937152	64247745792	63817208832	60.34	59.84	59.43
283	2015-09-27	653	606	568	64838595072	64296613632	63863012352	60.39	59.88	59.48
284	2015-09-28	654	606	568	64891333632	64345481472	63908815872	60.43	59.93	59.52
285	2015-09-29	654	607	569	64944072192	64394429952	63954700032	60.48	59.97	59.56
286	2015-09-30	655	607	569	64996891392	64443378432	64000584192	60.53	60.02	59.61
287	2015-10-01	655	607	569	65049710592	64492326912	64046468352	60.58	60.06	59.65
288	2015-10-02	656	608	569	65102610432	64541356032	64092352512	60.63	60.11	59.69
289	2015-10-03	656	608	569	65155510272	64590385152	64138236672	60.68	60.15	59.73
290	2015-10-04	657	608	570	65208490752	64639414272	64184201472	60.73	60.20	59.78
291	2015-10-05	657	609	570	65261471232	64688524032	64230166272	60.78	60.25	59.82
292	2015-10-06	658	609	570	65314532352	64737633792	64276131072	60.83	60.29	59.86
293	2015-10-07	658	609	570	65367593472	64786743552	64322095872	60.88	60.34	59.90
294	2015-10-08	659	610	570	65420735232	64835933952	64368060672	60.93	60.38	59.95
295	2015-10-09	659	610	571	65473876992	64885124352	64414106112	60.98	60.43	59.99
296	2015-10-10	660	610	571	65527099392	64934314752	64460151552	61.03	60.47	60.03
297	2015-10-11	660	611	571	65580321792	64983585792	64506196992	61.08	60.52	60.08
298	2015-10-12	661	611	571	65633624832	65032856832	64552242432	61.13	60.57	60.12
299	2015-10-13	661	611	571	65686927872	65082127872	64598287872	61.18	60.61	60.16
300	2015-10-14	662	612	572	65740311552	65131479552	64644413952	61.23	60.66	60.20
301	2015-10-15	662	612	572	65793695232	65180831232	64690540032	61.28	60.70	60.25
302	2015-10-16	663	612	572	65847159552	65230182912	64736666112	61.32	60.75	60.29
303	2015-10-17	663	613	572	65900623872	65279615232	64782792192	61.37	60.80	60.33
304	2015-10-18	664	613	572	65954168832	65329047552	64828918272	61.42	60.84	60.38
305	2015-10-19	664	613	573	66007713792	65378479872	64875124992	61.47	60.89	60.42
306	2015-10-20	665	614	573	66061339392	65427992832	64921331712	61.52	60.93	60.46
307	2015-10-21	665	614	573	66114964992	65477505792	64967538432	61.57	60.98	60.51
308	2015-10-22	666	614	573	66168671232	65527018752	65013745152	61.62	61.03	60.55
309	2015-10-23	666	615	573	66222377472	65576612352	65059951872	61.67	61.07	60.59
310	2015-10-24	667	615	574	66276164352	65626205952	65106239232	61.72	61.12	60.63
311	2015-10-25	667	615	574	66329951232	65675799552	65152526592	61.77	61.17	60.68
312	2015-10-26	668	616	574	66383818752	65725473792	65198813952	61.82	61.21	60.72
313	2015-10-27	668	616	574	66437686272	65775148032	65245101312	61.87	61.26	60.76
314	2015-10-28	669	616	574	66491634432	65824822272	65291388672	61.93	61.30	60.81
315	2015-10-29	669	617	575	66545582592	65874577152	65337756672	61.98	61.35	60.85
316	2015-10-30	670	617	575	66599611392	65924332032	65384124672	62.03	61.40	60.89
317	2015-10-31	670	617	575	66653640192	65974086912	65430492672	62.08	61.44	60.94
318	2015-11-01	671	618	575	66707749632	66023922432	65476860672	62.13	61.49	60.98
319	2015-11-02	671	618	575	66761859072	66073757952	65523228672	62.18	61.54	61.02
320	2015-11-03	672	618	576	66816049152	66123593472	65569677312	62.23	61.58	61.07
321	2015-11-04	672	619	576	66870239232	66173509632	65616125952	62.28	61.63	61.11
322	2015-11-05	673	619	576	66924509952	66223425792	65662574592	62.33	61.68	61.15
323	2015-11-06	673	619	576	66978780672	66273341952	65709023232	62.38	61.72	61.20
324	2015-11-07	674	620	576	67033132032	66323338752	65755471872	62.43	61.77	61.24
325	2015-11-08	674	620	577	67087483392	66373335552	65802001152	62.48	61.81	61.28
326	2015-11-09	675	620	577	67141915392	66423332352	65848530432	62.53	61.86	61.33
327	2015-11-10	675	621	577	67196347392	66473409792	65895059712	62.58	61.91	61.37
328	2015-11-11	676	621	577	67250860032	66523487232	65941588992	62.63	61.95	61.41
329	2015-11-12	676	621	577	67305372672	66573564672	65988118272	62.68	62.00	61.46
330	2015-11-13	677	622	578	67359965952	66623722752	66034728192	62.73	62.05	61.50
331	2015-11-14	677	622	578	67414559232	66673880832	66081338112	62.78	62.09	61.54
332	2015-11-15	678	622	578	67469233152	66724038912	66127948032	62.84	62.14	61.59
333	2015-11-16	678	623	578	67523907072	66774277632	66174557952	62.89	62.19	61.63
334	2015-11-17	679	623	578	67578661632	66824516352	66221167872	62.94	62.24	61.67
335	2015-11-18	679	623	579	67633416192	66874755072	66267858432	62.99	62.28	61.72
336	2015-11-19	680	624	579	67688251392	66925074432	66314548992	63.04	62.33	61.76
337	2015-11-20	680	624	579	67743086592	66975393792	66361239552	63.09	62.38	61.80
338	2015-11-21	681	624	579	67798002432	67025713152	66407930112	63.14	62.42	61.85
339	2015-11-22	681	625	579	67852918272	67076113152	66454620672	63.19	62.47	61.89
340	2015-11-23	682	625	580	67907914752	67126513152	66501391872	63.24	62.52	61.93
341	2015-11-24	682	625	580	67962911232	67176913152	66548163072	63.30	62.56	61.98
342	2015-11-25	683	626	580	68017988352	67227393792	66594934272	63.35	62.61	62.02
343	2015-11-26	683	626	580	68073065472	67277874432	66641705472	63.40	62.66	62.06
344	2015-11-27	684	626	580	68128223232	67328355072	66688476672	63.45	62.70	62.11
345	2015-11-28	684	627	581	68183380992	67378916352	66735328512	63.50	62.75	62.15
346	2015-11-29	685	627	581	68238619392	67429477632	66782180352	63.55	62.80	62.20
347	2015-11-30	685	627	581	68293857792	67480038912	66829032192	63.60	62.85	62.24
348	2015-12-01	686	628	581	68349176832	67530680832	66875884032	63.66	62.89	62.28
349	2015-12-02	686	628	581	68404495872	67581322752	66922735872	63.71	62.94	62.33
350	2015-12-03	687	628	582	68459895552	67631964672	66969668352	63.76	62.99	62.37
351	2015-12-04	687	629	582	68515295232	67682687232	67016600832	63.81	63.03	62.41
352	2015-12-05	688	629	582	68570775552	67733409792	67063533312	63.86	63.08	62.46
353	2015-12-06	688	629	582	68626255872	67784132352	67110465792	63.91	63.13	62.50
354	2015-12-07	689	630	582	68681816832	67834935552	67157398272	63.96	63.18	62.55
355	2015-12-08	689	630	583	68737377792	67885738752	67204411392	64.02	63.22	62.59
356	2015-12-09	690	630	583	68793019392	67936541952	67251424512	64.07	63.27	62.63
357	2015-12-10	690	631	583	68848660992	67987425792	67298437632	64.12	63.32	62.68
358	2015-12-11	691	631	583	68904383232	68038309632	67345450752	64.17	63.37	62.72
359	2015-12-12	691	631	583	68960105472	68089193472	67392463872	64.22	63.41	62.76
360	2015-12-13	692	632	584	69015908352	68140157952	67439557632	64.28	63.46	62.81
361	2015-12-14	692	632	584	69071711232	68191122432	67486651392	64.33	63.51	62.85
362	2015-12-15	693	632	584	69127594752	68242086912	67533745152	64.38	63.56	62.90
363	2015-12-16	693	633	584	69183478272	68293132032	67580838912	64.43	63.60	62.94
364	2015-12-17	694	633	584	69239442432	68344177152	67627932672	64.48	63.65	62.98
365	2015-12-18	694	633	585	69295406592	68395222272	67675107072	64.54	63.70	63.03
366	2015-12-19	695	634	585	69351451392	68446348032	67722281472	64.59	63.75	63.07
367	2015-12-20	695	634	585	69407496192	68497473792	67769455872	64.64	63.79	63.12
368	2015-12-21	696	634	585	69463621632	68548599552	67816630272	64.69	63.84	63.16
369	2015-12-22	696	635	585	69519747072	68599805952	67863804672	64.75	63.89	63.20
370	2015-12-23	697	635	586	69575953152	68651012352	67911059712	64.80	63.94	63.25
371	2015-12-24	697	635	586	69632159232	68702218752	67958314752	64.85	63.98	63.29
372	2015-12-25	698	636	586	69688445952	68753505792	68005569792	64.90	64.03	63.34
373	2015-12-26	698	636	586	69744732672	68804792832	68052824832	64.95	64.08	63.38
374	2015-12-27	699	636	586	69801100032	68856079872	68100079872	65.01	64.13	63.42
375	2015-12-28	699	637	587	69857467392	68907447552	68147415552	65.06	64.18	63.47
376	2015-12-29	700	637	587	69913915392	68958815232	68194751232	65.11	64.22	63.51
377	2015-12-30	700	637	587	69970363392	69010182912	68242086912	65.16	64.27	63.56
378	2015-12-31	701	638	587	70026892032	69061631232	68289422592	65.22	64.32	63.60
379	2016-01-01	701	638	587	70083420672	69113079552	68336758272	65.27	64.37	63.64
380	2016-01-02	702	638	588	70140029952	69164527872	68384174592	65.32	64.41	63.69
381	2016-01-03	702	639	588	70196639232	69216056832	68431590912	65.38	64.46	63.73
382	2016-01-04	703	639	588	70253329152	69267585792	68479007232	65.43	64.51	63.78
383	2016-01-05	703	639	588	70310019072	69319114752	68526423552	65.48	64.56	63.82
384	2016-01-06	704	640	588	70366789632	69370724352	68573839872	65.53	64.61	63.86
385	2016-01-07	704	640	589	70423560192	69422333952	68621336832	65.59	64.65	63.91
386	2016-01-08	705	640	589	70480411392	69473943552	68668833792	65.64	64.70	63.95
387	2016-01-09	705	641	589	70537262592	69525633792	68716330752	65.69	64.75	64.00
388	2016-01-10	706	641	589	70594194432	69577324032	68763827712	65.75	64.80	64.04
389	2016-01-11	706	641	589	70651126272	69629014272	68811324672	65.80	64.85	64.09
390	2016-01-12	707	642	590	70708138752	69680785152	68858902272	65.85	64.90	64.13
391	2016-01-13	707	642	590	70765151232	69732556032	68906479872	65.91	64.94	64.17
392	2016-01-14	708	642	590	70822244352	69784326912	68954057472	65.96	64.99	64.22
393	2016-01-15	708	643	590	70879337472	69836178432	69001635072	66.01	65.04	64.26
394	2016-01-16	709	643	590	70936511232	69888029952	69049212672	66.06	65.09	64.31
395	2016-01-17	709	643	591	70993684992	69939881472	69096870912	66.12	65.14	64.35
396	2016-01-18	710	644	591	71050939392	69991813632	69144529152	66.17	65.18	64.40
397	2016-01-19	710	644	591	71108193792	70043745792	69192187392	66.22	65.23	64.44
398	2016-01-20	711	644	591	71165528832	70095677952	69239845632	66.28	65.28	64.48
399	2016-01-21	711	645	591	71222863872	70147690752	69287503872	66.33	65.33	64.53
400	2016-01-22	712	645	592	71280279552	70199703552	69335242752	66.38	65.38	64.57
401	2016-01-23	712	645	592	71337695232	70251716352	69382981632	66.44	65.43	64.62
402	2016-01-24	713	646	592	71395191552	70303809792	69430720512	66.49	65.48	64.66
403	2016-01-25	713	646	592	71452687872	70355903232	69478459392	66.55	65.52	64.71
404	2016-01-26	714	646	592	71510264832	70407996672	69526198272	66.60	65.57	64.75
405	2016-01-27	714	647	593	71567841792	70460170752	69574017792	66.65	65.62	64.80
406	2016-01-28	715	647	593	71625499392	70512344832	69621837312	66.71	65.67	64.84
407	2016-01-29	715	647	593	71683156992	70564518912	69669656832	66.76	65.72	64.88
408	2016-01-30	716	648	593	71740895232	70616773632	69717476352	66.81	65.77	64.93
409	2016-01-31	716	648	593	71798633472	70669028352	69765295872	66.87	65.82	64.97
410	2016-02-01	717	648	594	71856452352	70721283072	69813196032	66.92	65.86	65.02
411	2016-02-02	717	649	594	71914271232	70773618432	69861096192	66.98	65.91	65.06
412	2016-02-03	718	649	594	71972170752	70825953792	69908996352	67.03	65.96	65.11
413	2016-02-04	718	649	594	72030070272	70878289152	69956896512	67.08	66.01	65.15
414	2016-02-05	719	650	594	72088050432	70930705152	70004796672	67.14	66.06	65.20
415	2016-02-06	719	650	595	72146030592	70983121152	70052777472	67.19	66.11	65.24
416	2016-02-07	720	650	595	72204091392	71035537152	70100758272	67.25	66.16	65.29
417	2016-02-08	720	651	595	72262152192	71088033792	70148739072	67.30	66.21	65.33
418	2016-02-09	721	651	595	72320293632	71140530432	70196719872	67.35	66.25	65.38
419	2016-02-10	721	651	595	72378435072	71193027072	70244700672	67.41	66.30	65.42
420	2016-02-11	722	652	596	72436657152	71245604352	70292762112	67.46	66.35	65.47
421	2016-02-12	722	652	596	72494879232	71298181632	70340823552	67.52	66.40	65.51
422	2016-02-13	723	652	596	72553181952	71350758912	70388884992	67.57	66.45	65.55
423	2016-02-14	723	653	596	72611484672	71403416832	70436946432	67.62	66.50	65.60
424	2016-02-15	724	653	596	72669868032	71456074752	70485007872	67.68	66.55	65.64
425	2016-02-16	724	653	597	72728251392	71508732672	70533149952	67.73	66.60	65.69
426	2016-02-17	725	654	597	72786715392	71561471232	70581292032	67.79	66.65	65.73
427	2016-02-18	725	654	597	72845179392	71614209792	70629434112	67.84	66.70	65.78
428	2016-02-19	726	654	597	72903724032	71666948352	70677576192	67.90	66.75	65.82
429	2016-02-20	726	655	597	72962268672	71719767552	70725718272	67.95	66.79	65.87
430	2016-02-21	727	655	598	73020893952	71772586752	70773940992	68.01	66.84	65.91
431	2016-02-22	727	655	598	73079519232	71825405952	70822163712	68.06	66.89	65.96
432	2016-02-23	728	656	598	73138225152	71878305792	70870386432	68.12	66.94	66.00
433	2016-02-24	728	656	598	73196931072	71931205632	70918609152	68.17	66.99	66.05
434	2016-02-25	729	656	598	73255717632	71984105472	70966831872	68.22	67.04	66.09
435	2016-02-26	729	657	599	73314504192	72037085952	71015135232	68.28	67.09	66.14
436	2016-02-27	730	657	599	73373371392	72090066432	71063438592	68.33	67.14	66.18
437	2016-02-28	730	657	599	73432238592	72143046912	71111741952	68.39	67.19	66.23
438	2016-02-29	731	658	599	73491186432	72196108032	71160045312	68.44	67.24	66.27
439	2016-03-01	731	658	599	73550134272	72249169152	71208348672	68.50	67.29	66.32
440	2016-03-02	732	658	600	73609162752	72302230272	71256732672	68.55	67.34	66.36
441	2016-03-03	732	659	600	73668191232	72355372032	71305116672	68.61	67.39	66.41
442	2016-03-04	733	659	600	73727300352	72408513792	71353500672	68.66	67.44	66.45
443	2016-03-05	733	659	600	73786409472	72461655552	71401884672	68.72	67.49	66.50
444	2016-03-06	734	660	600	73845599232	72514877952	71450268672	68.77	67.53	66.54
445	2016-03-07	734	660	601	73904788992	72568100352	71498733312	68.83	67.58	66.59
446	2016-03-08	735	660	601	73964059392	72621322752	71547197952	68.88	67.63	66.63
447	2016-03-09	735	661	601	74023329792	72674625792	71595662592	68.94	67.68	66.68
448	2016-03-10	736	661	601	74082680832	72727928832	71644127232	68.99	67.73	66.72
449	2016-03-11	736	661	601	74142031872	72781231872	71692591872	69.05	67.78	66.77
450	2016-03-12	737	662	602	74201463552	72834615552	71741137152	69.11	67.83	66.81
451	2016-03-13	737	662	602	74260895232	72887999232	71789682432	69.16	67.88	66.86
452	2016-03-14	738	662	602	74320407552	72941382912	71838227712	69.22	67.93	66.90
453	2016-03-15	738	663	602	74379919872	72994847232	71886772992	69.27	67.98	66.95
454	2016-03-16	739	663	602	74439512832	73048311552	71935318272	69.33	68.03	66.99
455	2016-03-17	739	663	603	74499105792	73101775872	71983944192	69.38	68.08	67.04
456	2016-03-18	740	664	603	74558779392	73155320832	72032570112	69.44	68.13	67.09
457	2016-03-19	740	664	603	74618452992	73208865792	72081196032	69.49	68.18	67.13
458	2016-03-20	741	664	603	74678207232	73262410752	72129821952	69.55	68.23	67.18
459	2016-03-21	741	665	603	74737961472	73316036352	72178447872	69.61	68.28	67.22
460	2016-03-22	742	665	604	74797796352	73369661952	72227154432	69.66	68.33	67.27
461	2016-03-23	742	665	604	74857631232	73423287552	72275860992	69.72	68.38	67.31
462	2016-03-24	743	666	604	74917546752	73476993792	72324567552	69.77	68.43	67.36
463	2016-03-25	743	666	604	74977462272	73530700032	72373274112	69.83	68.48	67.40
464	2016-03-26	744	666	604	75037458432	73584406272	72421980672	69.88	68.53	67.45
465	2016-03-27	744	667	605	75097454592	73638193152	72470767872	69.94	68.58	67.49
466	2016-03-28	745	667	605	75157531392	73691980032	72519555072	70.00	68.63	67.54
467	2016-03-29	745	667	605	75217608192	73745766912	72568342272	70.05	68.68	67.58
468	2016-03-30	746	668	605	75277765632	73799634432	72617129472	70.11	68.73	67.63
469	2016-03-31	746	668	605	75337923072	73853501952	72665916672	70.16	68.78	67.68
470	2016-04-01	747	668	606	75398161152	73907369472	72714784512	70.22	68.83	67.72
471	2016-04-02	747	669	606	75458399232	73961317632	72763652352	70.28	68.88	67.77
472	2016-04-03	748	669	606	75518717952	74015265792	72812520192	70.33	68.93	67.81
473	2016-04-04	748	669	606	75579036672	74069213952	72861388032	70.39	68.98	67.86
474	2016-04-05	749	670	606	75639436032	74123242752	72910255872	70.44	69.03	67.90
475	2016-04-06	749	670	607	75699835392	74177271552	72959204352	70.50	69.08	67.95
476	2016-04-07	750	670	607	75760315392	74231300352	73008152832	70.56	69.13	67.99
477	2016-04-08	750	671	607	75820795392	74285409792	73057101312	70.61	69.18	68.04
478	2016-04-09	751	671	607	75881356032	74339519232	73106049792	70.67	69.23	68.09
479	2016-04-10	751	671	607	75941916672	74393628672	73154998272	70.73	69.28	68.13
480	2016-04-11	752	672	608	76002557952	74447818752	73204027392	70.78	69.33	68.18
481	2016-04-12	752	672	608	76063199232	74502008832	73253056512	70.84	69.39	68.22
482	2016-04-13	753	672	608	76123921152	74556198912	73302085632	70.90	69.44	68.27
483	2016-04-14	753	673	608	76184643072	74610469632	73351114752	70.95	69.49	68.31
484	2016-04-15	754	673	608	76245445632	74664740352	73400143872	71.01	69.54	68.36
485	2016-04-16	754	673	609	76306248192	74719011072	73449253632	71.07	69.59	68.40
486	2016-04-17	755	674	609	76367131392	74773362432	73498363392	71.12	69.64	68.45
487	2016-04-18	755	674	609	76428014592	74827713792	73547473152	71.18	69.69	68.50
488	2016-04-19	756	674	609	76488978432	74882065152	73596582912	71.24	69.74	68.54
489	2016-04-20	756	675	609	76549942272	74936497152	73645692672	71.29	69.79	68.59
490	2016-04-21	757	675	610	76610986752	74990929152	73694883072	71.35	69.84	68.63
491	2016-04-22	757	675	610	76672031232	75045361152	73744073472	71.41	69.89	68.68
492	2016-04-23	758	676	610	76733156352	75099873792	73793263872	71.46	69.94	68.73
493	2016-04-24	758	676	610	76794281472	75154386432	73842454272	71.52	69.99	68.77
494	2016-04-25	759	676	610	76855487232	75208899072	73891644672	71.58	70.04	68.82
495	2016-04-26	759	677	611	76916692992	75263492352	73940915712	71.63	70.09	68.86
496	2016-04-27	760	677	611	76977979392	75318085632	73990186752	71.69	70.15	68.91
497	2016-04-28	760	677	611	77039265792	75372678912	74039457792	71.75	70.20	68.95
498	2016-04-29	761	678	611	77100632832	75427352832	74088728832	71.81	70.25	69.00
499	2016-04-30	761	678	611	77161999872	75482026752	74137999872	71.86	70.30	69.05
500	2016-05-01	762	678	612	77223447552	75536700672	74187351552	71.92	70.35	69.09
501	2016-05-02	762	679	612	77284895232	75591455232	74236703232	71.98	70.40	69.14
502	2016-05-03	763	679	612	77346423552	75646209792	74286054912	72.03	70.45	69.18
503	2016-05-04	763	679	612	77407951872	75700964352	74335406592	72.09	70.50	69.23
504	2016-05-05	764	680	612	77469560832	75755799552	74384758272	72.15	70.55	69.28
505	2016-05-06	764	680	613	77531169792	75810634752	74434190592	72.21	70.60	69.32
506	2016-05-07	765	680	613	77592859392	75865469952	74483622912	72.26	70.66	69.37
507	2016-05-08	765	681	613	77654548992	75920385792	74533055232	72.32	70.71	69.41
508	2016-05-09	766	681	613	77716319232	75975301632	74582487552	72.38	70.76	69.46
509	2016-05-10	766	681	613	77778089472	76030217472	74631919872	72.44	70.81	69.51
510	2016-05-11	767	682	614	77839940352	76085213952	74681432832	72.49	70.86	69.55
511	2016-05-12	767	682	614	77901791232	76140210432	74730945792	72.55	70.91	69.60
512	2016-05-13	768	682	614	77963722752	76195206912	74780458752	72.61	70.96	69.64
513	2016-05-14	768	683	614	78025654272	76250284032	74829971712	72.67	71.01	69.69
514	2016-05-15	769	683	614	78087666432	76305361152	74879484672	72.72	71.06	69.74
515	2016-05-16	769	683	615	78149678592	76360438272	74929078272	72.78	71.12	69.78
516	2016-05-17	770	684	615	78211771392	76415596032	74978671872	72.84	71.17	69.83
517	2016-05-18	770	684	615	78273864192	76470753792	75028265472	72.90	71.22	69.88
518	2016-05-19	771	684	615	78336037632	76525911552	75077859072	72.96	71.27	69.92
519	2016-05-20	771	685	615	78398211072	76581149952	75127452672	73.01	71.32	69.97
520	2016-05-21	772	685	616	78460465152	76636388352	75177126912	73.07	71.37	70.01
521	2016-05-22	772	685	616	78522719232	76691626752	75226801152	73.13	71.42	70.06
522	2016-05-23	773	686	616	78585053952	76746945792	75276475392	73.19	71.48	70.11
523	2016-05-24	773	686	616	78647388672	76802264832	75326149632	73.25	71.53	70.15
524	2016-05-25	774	686	616	78709804032	76857583872	75375823872	73.30	71.58	70.20
525	2016-05-26	774	687	617	78772219392	76912983552	75425578752	73.36	71.63	70.25
526	2016-05-27	775	687	617	78834715392	76968383232	75475333632	73.42	71.68	70.29
527	2016-05-28	775	687	617	78897211392	77023782912	75525088512	73.48	71.73	70.34
528	2016-05-29	776	688	617	78959788032	77079263232	75574843392	73.54	71.79	70.38
529	2016-05-30	776	688	617	79022364672	77134743552	75624598272	73.60	71.84	70.43
530	2016-05-31	777	688	618	79085021952	77190223872	75674433792	73.65	71.89	70.48
531	2016-06-01	777	689	618	79147679232	77245784832	75724269312	73.71	71.94	70.52
532	2016-06-02	778	689	618	79210417152	77301345792	75774104832	73.77	71.99	70.57
533	2016-06-03	778	689	618	79273155072	77356906752	75823940352	73.83	72.04	70.62
534	2016-06-04	779	690	618	79335973632	77412548352	75873775872	73.89	72.10	70.66
535	2016-06-05	779	690	619	79398792192	77468189952	75923692032	73.95	72.15	70.71
536	2016-06-06	780	690	619	79461691392	77523831552	75973608192	74.00	72.20	70.76
537	2016-06-07	780	691	619	79524590592	77579553792	76023524352	74.06	72.25	70.80
538	2016-06-08	781	691	619	79587570432	77635276032	76073440512	74.12	72.30	70.85
539	2016-06-09	781	691	619	79650550272	77690998272	76123356672	74.18	72.36	70.90
540	2016-06-10	782	692	620	79713610752	77746801152	76173353472	74.24	72.41	70.94
541	2016-06-11	782	692	620	79776671232	77802604032	76223350272	74.30	72.46	70.99
542	2016-06-12	783	692	620	79839812352	77858406912	76273347072	74.36	72.51	71.04
543	2016-06-13	783	693	620	79902953472	77914290432	76323343872	74.42	72.56	71.08
544	2016-06-14	784	693	620	79966175232	77970173952	76373340672	74.47	72.62	71.13
545	2016-06-15	784	693	621	80029396992	78026057472	76423418112	74.53	72.67	71.17
546	2016-06-16	785	694	621	80092699392	78082021632	76473495552	74.59	72.72	71.22
547	2016-06-17	785	694	621	80156001792	78137985792	76523572992	74.65	72.77	71.27
548	2016-06-18	786	694	621	80219384832	78193949952	76573650432	74.71	72.82	71.31
549	2016-06-19	786	695	621	80282767872	78249994752	76623727872	74.77	72.88	71.36
550	2016-06-20	787	695	622	80346231552	78306039552	76673885952	74.83	72.93	71.41
551	2016-06-21	787	695	622	80409695232	78362084352	76724044032	74.89	72.98	71.45
552	2016-06-22	788	696	622	80473239552	78418209792	76774202112	74.95	73.03	71.50
553	2016-06-23	788	696	622	80536783872	78474335232	76824360192	75.01	73.08	71.55
554	2016-06-24	789	696	622	80600408832	78530460672	76874518272	75.06	73.14	71.59
555	2016-06-25	789	697	623	80664033792	78586666752	76924756992	75.12	73.19	71.64
556	2016-06-26	790	697	623	80727739392	78642872832	76974995712	75.18	73.24	71.69
557	2016-06-27	790	697	623	80791444992	78699078912	77025234432	75.24	73.29	71.74
558	2016-06-28	791	698	623	80855231232	78755365632	77075473152	75.30	73.35	71.78
559	2016-06-29	791	698	623	80919017472	78811652352	77125711872	75.36	73.40	71.83
560	2016-06-30	792	698	624	80982884352	78867939072	77176031232	75.42	73.45	71.88
561	2016-07-01	792	699	624	81046751232	78924306432	77226350592	75.48	73.50	71.92
562	2016-07-02	793	699	624	81110698752	78980673792	77276669952	75.54	73.56	71.97
563	2016-07-03	793	699	624	81174646272	79037041152	77326989312	75.60	73.61	72.02
564	2016-07-04	794	700	624	81238674432	79093489152	77377308672	75.66	73.66	72.06
565	2016-07-05	794	700	625	81302702592	79149937152	77427708672	75.72	73.71	72.11
566	2016-07-06	795	700	625	81366811392	79206385152	77478108672	75.78	73.77	72.16
567	2016-07-07	795	701	625	81430920192	79262913792	77528508672	75.84	73.82	72.20
568	2016-07-08	796	701	625	81495109632	79319442432	77578908672	75.90	73.87	72.25
569	2016-07-09	796	701	625	81559299072	79375971072	77629308672	75.96	73.92	72.30
570	2016-07-10	797	702	626	81623569152	79432580352	77679789312	76.02	73.98	72.34
571	2016-07-11	797	702	626	81687839232	79489189632	77730269952	76.08	74.03	72.39
572	2016-07-12	798	702	626	81752189952	79545798912	77780750592	76.14	74.08	72.44
573	2016-07-13	798	703	626	81816540672	79602488832	77831231232	76.20	74.14	72.49
574	2016-07-14	799	703	626	81880972032	79659178752	77881711872	76.26	74.19	72.53
575	2016-07-15	799	703	627	81945403392	79715868672	77932273152	76.32	74.24	72.58
576	2016-07-16	800	704	627	82009915392	79772639232	77982834432	76.38	74.29	72.63
577	2016-07-17	800	704	627	82074427392	79829409792	78033395712	76.44	74.35	72.67
578	2016-07-18	801	704	627	82139020032	79886180352	78083956992	76.50	74.40	72.72
579	2016-07-19	801	705	627	82203612672	79943031552	78134518272	76.56	74.45	72.77
580	2016-07-20	802	705	628	82268285952	79999882752	78185160192	76.62	74.51	72.82
581	2016-07-21	802	705	628	82332959232	80056733952	78235802112	76.68	74.56	72.86
582	2016-07-22	803	706	628	82397713152	80113665792	78286444032	76.74	74.61	72.91
583	2016-07-23	803	706	628	82462467072	80170597632	78337085952	76.80	74.66	72.96
584	2016-07-24	804	706	628	82527301632	80227529472	78387727872	76.86	74.72	73.00
585	2016-07-25	804	707	629	82592136192	80284541952	78438450432	76.92	74.77	73.05
586	2016-07-26	805	707	629	82657051392	80341554432	78489172992	76.98	74.82	73.10
587	2016-07-27	805	707	629	82721966592	80398566912	78539895552	77.04	74.88	73.15
588	2016-07-28	806	708	629	82786962432	80455660032	78590618112	77.10	74.93	73.19
589	2016-07-29	806	708	629	82851958272	80512753152	78641340672	77.16	74.98	73.24
590	2016-07-30	807	708	630	82917034752	80569846272	78692143872	77.22	75.04	73.29
591	2016-07-31	807	709	630	82982111232	80627020032	78742947072	77.28	75.09	73.34
592	2016-08-01	808	709	630	83047268352	80684193792	78793750272	77.34	75.14	73.38
593	2016-08-02	808	709	630	83112425472	80741367552	78844553472	77.40	75.20	73.43
594	2016-08-03	809	710	630	83177663232	80798621952	78895356672	77.47	75.25	73.48
595	2016-08-04	809	710	631	83242900992	80855876352	78946240512	77.53	75.30	73.52
596	2016-08-05	810	710	631	83308219392	80913130752	78997124352	77.59	75.36	73.57
597	2016-08-06	810	711	631	83373537792	80970465792	79048008192	77.65	75.41	73.62
598	2016-08-07	811	711	631	83438936832	81027800832	79098892032	77.71	75.46	73.67
599	2016-08-08	811	711	631	83504335872	81085135872	79149775872	77.77	75.52	73.71
600	2016-08-09	812	712	632	83569815552	81142551552	79200740352	77.83	75.57	73.76
601	2016-08-10	812	712	632	83635295232	81199967232	79251704832	77.89	75.62	73.81
602	2016-08-11	813	712	632	83700855552	81257382912	79302669312	77.95	75.68	73.86
603	2016-08-12	813	713	632	83766415872	81314879232	79353633792	78.01	75.73	73.90
604	2016-08-13	814	713	632	83832056832	81372375552	79404598272	78.07	75.78	73.95
605	2016-08-14	814	713	633	83897697792	81429871872	79455643392	78.14	75.84	74.00
606	2016-08-15	815	714	633	83963419392	81487448832	79506688512	78.20	75.89	74.05
607	2016-08-16	815	714	633	84029140992	81545025792	79557733632	78.26	75.94	74.09
608	2016-08-17	816	714	633	84094943232	81602602752	79608778752	78.32	76.00	74.14
609	2016-08-18	816	715	633	84160745472	81660260352	79659823872	78.38	76.05	74.19
610	2016-08-19	817	715	634	84226628352	81717917952	79710949632	78.44	76.11	74.24
611	2016-08-20	817	715	634	84292511232	81775575552	79762075392	78.50	76.16	74.28
612	2016-08-21	818	716	634	84358474752	81833313792	79813201152	78.56	76.21	74.33
613	2016-08-22	818	716	634	84424438272	81891052032	79864326912	78.63	76.27	74.38
614	2016-08-23	819	716	634	84490482432	81948790272	79915452672	78.69	76.32	74.43
615	2016-08-24	819	717	635	84556526592	82006609152	79966659072	78.75	76.37	74.47
616	2016-08-25	820	717	635	84622651392	82064428032	80017865472	78.81	76.43	74.52
617	2016-08-26	820	717	635	84688776192	82122246912	80069071872	78.87	76.48	74.57
618	2016-08-27	821	718	635	84754981632	82180146432	80120278272	78.93	76.54	74.62
619	2016-08-28	821	718	635	84821187072	82238045952	80171484672	79.00	76.59	74.67
620	2016-08-29	822	718	636	84887473152	82295945472	80222771712	79.06	76.64	74.71
621	2016-08-30	822	719	636	84953759232	82353925632	80274058752	79.12	76.70	74.76
622	2016-08-31	823	719	636	85020125952	82411905792	80325345792	79.18	76.75	74.81
623	2016-09-01	823	719	636	85086492672	82469885952	80376632832	79.24	76.81	74.86
624	2016-09-02	824	720	636	85152940032	82527946752	80427919872	79.30	76.86	74.90
625	2016-09-03	824	720	637	85219387392	82586007552	80479287552	79.37	76.91	74.95
626	2016-09-04	825	720	637	85285915392	82644068352	80530655232	79.43	76.97	75.00
627	2016-09-05	825	721	637	85352443392	82702209792	80582022912	79.49	77.02	75.05
628	2016-09-06	826	721	637	85419052032	82760351232	80633390592	79.55	77.08	75.10
629	2016-09-07	826	721	637	85485660672	82818492672	80684758272	79.61	77.13	75.14
630	2016-09-08	827	722	638	85552349952	82876714752	80736206592	79.68	77.18	75.19
631	2016-09-09	827	722	638	85619039232	82934936832	80787654912	79.74	77.24	75.24
632	2016-09-10	828	722	638	85685809152	82993158912	80839103232	79.80	77.29	75.29
633	2016-09-11	828	723	638	85752579072	83051461632	80890551552	79.86	77.35	75.34
634	2016-09-12	829	723	638	85819429632	83109764352	80941999872	79.93	77.40	75.38
635	2016-09-13	829	723	639	85886280192	83168067072	80993528832	79.99	77.46	75.43
636	2016-09-14	830	724	639	85953211392	83226450432	81045057792	80.05	77.51	75.48
637	2016-09-15	830	724	639	86020142592	83284833792	81096586752	80.11	77.57	75.53
638	2016-09-16	831	724	639	86087154432	83343217152	81148115712	80.17	77.62	75.58
639	2016-09-17	831	725	639	86154166272	83401681152	81199644672	80.24	77.67	75.62
640	2016-09-18	832	725	640	86221258752	83460145152	81251254272	80.30	77.73	75.67
641	2016-09-19	832	725	640	86288351232	83518609152	81302863872	80.36	77.78	75.72
642	2016-09-20	833	726	640	86355524352	83577153792	81354473472	80.42	77.84	75.77
643	2016-09-21	833	726	640	86422697472	83635698432	81406083072	80.49	77.89	75.82
644	2016-09-22	834	726	640	86489951232	83694243072	81457692672	80.55	77.95	75.86
645	2016-09-23	834	727	641	86557204992	83752868352	81509382912	80.61	78.00	75.91
646	2016-09-24	835	727	641	86624539392	83811493632	81561073152	80.68	78.06	75.96
647	2016-09-25	835	727	641	86691873792	83870118912	81612763392	80.74	78.11	76.01
648	2016-09-26	836	728	641	86759288832	83928824832	81664453632	80.80	78.16	76.06
649	2016-09-27	836	728	641	86826703872	83987530752	81716143872	80.86	78.22	76.10
650	2016-09-28	837	728	642	86894199552	84046236672	81767914752	80.93	78.27	76.15
651	2016-09-29	837	729	642	86961695232	84105023232	81819685632	80.99	78.33	76.20
652	2016-09-30	838	729	642	87029271552	84163809792	81871456512	81.05	78.38	76.25
653	2016-10-01	838	729	642	87096847872	84222596352	81923227392	81.12	78.44	76.30
654	2016-10-02	839	730	642	87164504832	84281463552	81974998272	81.18	78.49	76.35
655	2016-10-03	839	730	643	87232161792	84340330752	82026849792	81.24	78.55	76.39
656	2016-10-04	840	730	643	87299899392	84399197952	82078701312	81.30	78.60	76.44
657	2016-10-05	840	731	643	87367636992	84458145792	82130552832	81.37	78.66	76.49
658	2016-10-06	841	731	643	87435455232	84517093632	82182404352	81.43	78.71	76.54
659	2016-10-07	841	731	643	87503273472	84576041472	82234255872	81.49	78.77	76.59
660	2016-10-08	842	732	644	87571172352	84635069952	82286188032	81.56	78.82	76.63
661	2016-10-09	842	732	644	87639071232	84694098432	82338120192	81.62	78.88	76.68
662	2016-10-10	843	732	644	87707050752	84753126912	82390052352	81.68	78.93	76.73
663	2016-10-11	843	733	644	87775030272	84812236032	82441984512	81.75	78.99	76.78
664	2016-10-12	844	733	644	87843090432	84871345152	82493916672	81.81	79.04	76.83
665	2016-10-13	844	733	645	87911150592	84930454272	82545929472	81.87	79.10	76.88
666	2016-10-14	845	734	645	87979291392	84989644032	82597942272	81.94	79.15	76.93
667	2016-10-15	845	734	645	88047432192	85048833792	82649955072	82.00	79.21	76.97
668	2016-10-16	846	734	645	88115653632	85108023552	82701967872	82.06	79.26	77.02
669	2016-10-17	846	735	645	88183875072	85167293952	82753980672	82.13	79.32	77.07
670	2016-10-18	847	735	646	88252177152	85226564352	82806074112	82.19	79.37	77.12
671	2016-10-19	847	735	646	88320479232	85285834752	82858167552	82.25	79.43	77.17
672	2016-10-20	848	736	646	88388861952	85345185792	82910260992	82.32	79.48	77.22
673	2016-10-21	848	736	646	88457244672	85404536832	82962354432	82.38	79.54	77.26
674	2016-10-22	849	736	646	88525708032	85463887872	83014447872	82.45	79.59	77.31
675	2016-10-23	849	737	647	88594171392	85523319552	83066621952	82.51	79.65	77.36
676	2016-10-24	850	737	647	88662715392	85582751232	83118796032	82.57	79.71	77.41
677	2016-10-25	850	737	647	88731259392	85642182912	83170970112	82.64	79.76	77.46
678	2016-10-26	851	738	647	88799884032	85701695232	83223144192	82.70	79.82	77.51
679	2016-10-27	851	738	647	88868508672	85761207552	83275318272	82.77	79.87	77.56
680	2016-10-28	852	738	648	88937213952	85820719872	83327572992	82.83	79.93	77.60
681	2016-10-29	852	739	648	89005919232	85880312832	83379827712	82.89	79.98	77.65
682	2016-10-30	853	739	648	89074705152	85939905792	83432082432	82.96	80.04	77.70
683	2016-10-31	853	739	648	89143491072	85999498752	83484337152	83.02	80.09	77.75
684	2016-11-01	854	740	648	89212357632	86059172352	83536591872	83.09	80.15	77.80
685	2016-11-02	854	740	649	89281224192	86118845952	83588927232	83.15	80.20	77.85
686	2016-11-03	855	740	649	89350171392	86178519552	83641262592	83.21	80.26	77.90
687	2016-11-04	855	741	649	89419118592	86238273792	83693597952	83.28	80.32	77.95
688	2016-11-05	856	741	649	89488146432	86298028032	83745933312	83.34	80.37	77.99
689	2016-11-06	856	741	649	89557174272	86357782272	83798268672	83.41	80.43	78.04
690	2016-11-07	857	742	650	89626282752	86417617152	83850684672	83.47	80.48	78.09
691	2016-11-08	857	742	650	89695391232	86477452032	83903100672	83.54	80.54	78.14
692	2016-11-09	858	742	650	89764580352	86537286912	83955516672	83.60	80.59	78.19
693	2016-11-10	858	743	650	89833769472	86597202432	84007932672	83.66	80.65	78.24
694	2016-11-11	859	743	650	89903039232	86657117952	84060348672	83.73	80.71	78.29
695	2016-11-12	859	743	651	89972308992	86717033472	84112845312	83.79	80.76	78.34
696	2016-11-13	860	744	651	90041659392	86777029632	84165341952	83.86	80.82	78.39
697	2016-11-14	860	744	651	90111009792	86837025792	84217838592	83.92	80.87	78.43
698	2016-11-15	861	744	651	90180440832	86897021952	84270335232	83.99	80.93	78.48
699	2016-11-16	861	745	651	90249871872	86957098752	84322831872	84.05	80.99	78.53
700	2016-11-17	862	745	652	90319383552	87017175552	84375409152	84.12	81.04	78.58
701	2016-11-18	862	745	652	90388895232	87077252352	84427986432	84.18	81.10	78.63
702	2016-11-19	863	746	652	90458487552	87137409792	84480563712	84.25	81.15	78.68
703	2016-11-20	863	746	652	90528079872	87197567232	84533140992	84.31	81.21	78.73
704	2016-11-21	864	746	652	90597752832	87257724672	84585718272	84.38	81.27	78.78
705	2016-11-22	864	747	653	90667425792	87317962752	84638376192	84.44	81.32	78.83
706	2016-11-23	865	747	653	90737179392	87378200832	84691034112	84.51	81.38	78.87
707	2016-11-24	865	747	653	90806932992	87438438912	84743692032	84.57	81.43	78.92
708	2016-11-25	866	748	653	90876767232	87498757632	84796349952	84.64	81.49	78.97
709	2016-11-26	866	748	653	90946601472	87559076352	84849007872	84.70	81.55	79.02
710	2016-11-27	867	748	654	91016516352	87619395072	84901746432	84.77	81.60	79.07
711	2016-11-28	867	749	654	91086431232	87679794432	84954484992	84.83	81.66	79.12
712	2016-11-29	868	749	654	91156426752	87740193792	85007223552	84.90	81.71	79.17
713	2016-11-30	868	749	654	91226422272	87800593152	85059962112	84.96	81.77	79.22
714	2016-12-01	869	750	654	91296498432	87861073152	85112700672	85.03	81.83	79.27
715	2016-12-02	869	750	655	91366574592	87921553152	85165519872	85.09	81.88	79.32
716	2016-12-03	870	750	655	91436731392	87982033152	85218339072	85.16	81.94	79.37
717	2016-12-04	870	751	655	91506888192	88042593792	85271158272	85.22	82.00	79.41
718	2016-12-05	871	751	655	91577125632	88103154432	85323977472	85.29	82.05	79.46
719	2016-12-06	871	751	655	91647363072	88163715072	85376796672	85.35	82.11	79.51
720	2016-12-07	872	752	656	91717681152	88224356352	85429696512	85.42	82.17	79.56
721	2016-12-08	872	752	656	91787999232	88284997632	85482596352	85.48	82.22	79.61
722	2016-12-09	873	752	656	91858397952	88345638912	85535496192	85.55	82.28	79.66
723	2016-12-10	873	753	656	91928796672	88406360832	85588396032	85.62	82.33	79.71
724	2016-12-11	874	753	656	91999276032	88467082752	85641295872	85.68	82.39	79.76
725	2016-12-12	874	753	657	92069755392	88527804672	85694276352	85.75	82.45	79.81
726	2016-12-13	875	754	657	92140315392	88588607232	85747256832	85.81	82.50	79.86
727	2016-12-14	875	754	657	92210875392	88649409792	85800237312	85.88	82.56	79.91
728	2016-12-15	876	754	657	92281516032	88710212352	85853217792	85.94	82.62	79.96
729	2016-12-16	876	755	657	92352156672	88771095552	85906198272	86.01	82.67	80.01
730	2016-12-17	877	755	658	92422877952	88831978752	85959259392	86.08	82.73	80.06
731	2016-12-18	877	755	658	92493599232	88892861952	86012320512	86.14	82.79	80.11
732	2016-12-19	878	756	658	92564401152	88953825792	86065381632	86.21	82.84	80.15
733	2016-12-20	878	756	658	92635203072	89014789632	86118442752	86.27	82.90	80.20
734	2016-12-21	879	756	658	92706085632	89075753472	86171503872	86.34	82.96	80.25
735	2016-12-22	879	757	659	92776968192	89136797952	86224645632	86.41	83.02	80.30
736	2016-12-23	880	757	659	92847931392	89197842432	86277787392	86.47	83.07	80.35
737	2016-12-24	880	757	659	92918894592	89258886912	86330929152	86.54	83.13	80.40
738	2016-12-25	881	758	659	92989938432	89320012032	86384070912	86.60	83.19	80.45
739	2016-12-26	881	758	659	93060982272	89381137152	86437212672	86.67	83.24	80.50
740	2016-12-27	882	758	660	93132106752	89442262272	86490435072	86.74	83.30	80.55
741	2016-12-28	882	759	660	93203231232	89503468032	86543657472	86.80	83.36	80.60
742	2016-12-29	883	759	660	93274436352	89564673792	86596879872	86.87	83.41	80.65
743	2016-12-30	883	759	660	93345641472	89625879552	86650102272	86.93	83.47	80.70
744	2016-12-31	884	760	660	93416927232	89687165952	86703324672	87.00	83.53	80.75
