1419294723.44 1419294723.44 1419294723.46
1419294724.45 1419294724.45 1419294724.5
1419294725.45 1419294725.45 1419294725.51
1419294726.45 1419294726.45 1419294726.5
1419294727.45 1419294727.45 1419294727.49
1419294728.45 1419294728.45 1419294728.5
1419294729.45 1419294729.45 1419294729.5
1419294730.45 1419294730.45 1419294730.5
1419294731.45 1419294731.46 1419294731.51
1419294732.46 1419294732.46 1419294732.51
1419294733.46 1419294733.46 1419294733.51
1419294734.46 1419294734.46 1419294734.51
1419294735.46 1419294735.46 1419294735.51
1419294736.46 1419294736.46 1419294736.52
1419294737.46 1419294737.46 1419294737.51
1419294738.46 1419294738.46 1419294738.52
1419294739.47 1419294739.47 1419294739.51
1419294740.47 1419294740.47 1419294740.51
1419294741.47 1419294741.47 1419294741.51
1419294742.47 1419294742.47 1419294742.52
1419294743.47 1419294743.47 1419294743.52
1419294744.47 1419294744.47 1419294744.52
1419294745.47 1419294745.47 1419294745.52
1419294746.47 1419294746.48 1419294746.52
1419294747.48 1419294747.48 1419294747.52
1419294748.48 1419294748.48 1419294748.53
1419294749.48 1419294749.48 1419294749.53
1419294750.48 1419294750.48 1419294750.53
1419294751.48 1419294751.48 1419294751.53
1419294752.48 1419294752.48 1419294752.53
1419294753.48 1419294753.49 1419294753.53
1419294754.49 1419294754.49 1419294754.53
1419294755.49 1419294755.49 1419294755.54
1419294756.49 1419294756.49 1419294756.54
1419294757.49 1419294757.49 1419294757.54
1419294758.49 1419294758.49 1419294758.54
1419294759.49 1419294759.49 1419294759.54
1419294760.49 1419294760.49 1419294760.54
1419294761.5 1419294761.5 1419294761.54
1419294762.5 1419294762.5 1419294762.54
1419294763.5 1419294763.5 1419294763.54
1419294764.5 1419294764.5 1419294764.54
1419294765.5 1419294765.5 1419294765.55
1419294766.5 1419294766.5 1419294766.55
1419294767.5 1419294767.5 1419294767.55
1419294768.5 1419294768.51 1419294768.55
1419294769.51 1419294769.51 1419294769.55
1419294770.51 1419294770.51 1419294770.56
1419294771.51 1419294771.51 1419294771.55
1419294772.51 1419294772.51 1419294772.56
1419294773.51 1419294773.51 1419294773.56
1419294774.51 1419294774.51 1419294774.56
1419294775.51 1419294775.51 1419294775.56
1419294776.52 1419294776.52 1419294776.56
1419294777.52 1419294777.52 1419294777.56
1419294778.52 1419294778.52 1419294778.57
1419294779.52 1419294779.52 1419294779.57
1419294780.52 1419294780.52 1419294780.57
1419294781.52 1419294781.52 1419294781.57
1419294782.52 1419294782.52 1419294782.57
1419294783.53 1419294783.53 1419294783.57
1419294784.53 1419294784.53 1419294784.57
1419294785.53 1419294785.53 1419294785.57
1419294786.53 1419294786.53 1419294786.58
1419294787.53 1419294787.53 1419294787.58
1419294788.53 1419294788.53 1419294788.58
1419294789.53 1419294789.53 1419294789.58
1419294790.53 1419294790.54 1419294790.58
1419294791.54 1419294791.54 1419294800.56
1419294792.54 1419294800.56 1419294800.57
1419294793.54 1419294800.57 1419294800.57
1419294794.54 1419294800.57 1419294800.57
1419294795.54 1419294800.57 1419294800.58
1419294796.54 1419294800.58 1419294800.58
1419294797.54 1419294800.58 1419294800.58
1419294798.55 1419294800.58 1419294800.58
1419294799.55 1419294800.58 1419294800.58
1419294800.55 1419294800.58 1419294800.58
1419294801.55 1419294801.55 1419294801.55
1419294802.55 1419294802.55 1419294802.55
1419294803.55 1419294803.55 1419294803.55
1419294804.55 1419294804.55 1419294804.56
1419294805.55 1419294805.55 1419294805.56
1419294806.56 1419294806.56 1419294806.56
1419294807.56 1419294807.56 1419294807.56
1419294808.56 1419294808.56 1419294808.56
1419294809.56 1419294809.56 1419294809.56
1419294810.56 1419294810.56 1419294810.56
1419294811.56 1419294811.56 1419294811.56
1419294812.56 1419294812.56 1419294812.57
1419294813.56 1419294813.56 1419294813.57
1419294814.57 1419294814.57 1419294814.57
1419294815.57 1419294815.57 1419294815.57
1419294816.57 1419294816.57 1419294816.57
1419294817.57 1419294817.57 1419294817.57
1419294818.57 1419294818.57 1419294818.57
1419294819.57 1419294819.57 1419294819.58
1419294820.57 1419294820.57 1419294820.58
1419294821.57 1419294821.58 1419294821.58
1419294822.58 1419294822.58 1419294822.58
1419294823.58 1419294823.58 1419294823.58
1419294824.58 1419294824.58 1419294824.58
1419294825.58 1419294825.58 1419294825.58
1419294826.58 1419294826.58 1419294826.58
1419294827.58 1419294827.58 1419294827.58
1419294828.58 1419294828.58 1419294828.58
1419294829.58 1419294829.59 1419294829.59
1419294830.59 1419294830.59 1419294830.59
1419294831.59 1419294831.59 1419294831.59
1419294832.59 1419294832.59 1419294832.59
1419294833.59 1419294833.59 1419294833.59
1419294834.59 1419294834.59 1419294834.6
1419294835.59 1419294835.59 1419294835.6
1419294836.59 1419294836.6 1419294836.6
1419294837.6 1419294837.6 1419294837.6
1419294838.6 1419294838.6 1419294838.6
1419294839.6 1419294839.6 1419294839.6
1419294840.6 1419294840.6 1419294840.6
1419294841.6 1419294841.6 1419294841.6
1419294842.6 1419294842.6 1419294842.61
1419294843.6 1419294843.6 1419294843.61
1419294844.6 1419294844.61 1419294844.61
1419294845.61 1419294845.61 1419294845.61
1419294846.61 1419294846.61 1419294846.61
1419294847.61 1419294847.61 1419294847.61
1419294848.61 1419294848.61 1419294848.61
1419294849.61 1419294849.61 1419294849.61
1419294850.61 1419294850.61 1419294850.62
1419294851.61 1419294851.62 1419294851.62
1419294852.61 1419294852.62 1419294852.62
1419294853.62 1419294853.62 1419294853.62
1419294854.62 1419294854.62 1419294854.62
1419294855.62 1419294855.62 1419294855.62
1419294856.62 1419294856.62 1419294856.62
1419294857.62 1419294857.62 1419294857.63
1419294858.62 1419294858.62 1419294858.63
1419294859.62 1419294859.63 1419294859.63
1419294860.63 1419294860.63 1419294860.63
1419294861.63 1419294861.63 1419294861.63
1419294862.63 1419294862.63 1419294862.63
1419294863.63 1419294863.63 1419294863.63
1419294864.63 1419294864.63 1419294864.64
1419294865.63 1419294865.63 1419294865.64
1419294866.63 1419294866.64 1419294866.64
1419294867.64 1419294867.64 1419294867.64
1419294868.64 1419294868.64 1419294868.64
1419294869.64 1419294869.64 1419294869.64
1419294870.64 1419294870.64 1419294870.64
1419294871.64 1419294871.64 1419294871.65
1419294872.64 1419294872.64 1419294872.64
1419294873.64 1419294873.65 1419294873.65
1419294874.65 1419294874.65 1419294874.65
1419294875.65 1419294875.65 1419294875.65
1419294876.65 1419294876.65 1419294876.65
1419294877.65 1419294877.65 1419294877.65
1419294878.65 1419294878.65 1419294878.66
1419294879.65 1419294879.65 1419294879.66
1419294880.65 1419294880.65 1419294880.66
1419294881.66 1419294881.66 1419294881.66
1419294882.66 1419294882.66 1419294882.66
1419294883.66 1419294883.66 1419294883.66
1419294884.66 1419294884.66 1419294884.66
1419294885.66 1419294885.66 1419294885.66
1419294886.66 1419294886.66 1419294886.67
1419294887.66 1419294887.66 1419294887.67
1419294888.66 1419294888.67 1419294888.67
1419294889.67 1419294889.67 1419294889.67
1419294890.67 1419294890.67 1419294890.67
1419294891.67 1419294891.67 1419294891.67
1419294892.67 1419294892.67 1419294892.68
1419294893.67 1419294893.67 1419294893.67
1419294894.67 1419294894.67 1419294894.68
1419294895.67 1419294895.68 1419294895.68
1419294896.68 1419294896.68 1419294896.68
1419294897.68 1419294897.68 1419294897.68
1419294898.68 1419294898.68 1419294898.68
1419294899.68 1419294899.68 1419294899.68
1419294900.68 1419294900.68 1419294900.68
1419294901.68 1419294901.68 1419294901.83
1419294902.68 1419294902.68 1419294902.69
1419294903.69 1419294903.69 1419294903.74
1419294904.69 1419294904.69 1419294904.74
1419294905.69 1419294905.69 1419294905.74
1419294906.69 1419294906.69 1419294906.74
1419294907.69 1419294907.69 1419294907.74
1419294908.69 1419294908.69 1419294908.74
1419294909.69 1419294909.69 1419294909.74
1419294910.69 1419294910.69 1419294910.74
1419294911.7 1419294911.7 1419294911.74
1419294912.7 1419294912.7 1419294912.74
1419294913.7 1419294913.7 1419294913.76
1419294914.7 1419294914.7 1419294914.75
1419294915.7 1419294915.7 1419294915.75
1419294916.7 1419294916.7 1419294916.76
1419294917.7 1419294917.7 1419294917.75
1419294918.71 1419294918.71 1419294918.75
1419294919.71 1419294919.71 1419294919.75
1419294920.71 1419294920.71 1419294920.77
1419294921.71 1419294921.71 1419294921.76
1419294922.71 1419294922.71 1419294922.76
1419294923.71 1419294923.71 1419294923.76
1419294924.71 1419294924.71 1419294924.76
1419294925.71 1419294925.72 1419294925.77
1419294926.72 1419294926.72 1419294926.76
1419294927.72 1419294927.72 1419294927.76
1419294928.72 1419294928.72 1419294928.76
1419294929.72 1419294929.72 1419294929.76
1419294930.72 1419294930.72 1419294930.77
1419294931.72 1419294931.72 1419294931.77
1419294932.72 1419294932.72 1419294932.77
1419294933.73 1419294933.73 1419294933.77
1419294934.73 1419294934.73 1419294934.77
1419294935.73 1419294935.73 1419294935.78
1419294936.73 1419294936.73 1419294936.78
1419294937.73 1419294937.73 1419294937.78
1419294938.73 1419294938.73 1419294938.78
1419294939.73 1419294939.73 1419294939.78
1419294940.73 1419294940.73 1419294940.78
1419294941.74 1419294941.74 1419294941.78
1419294942.74 1419294942.74 1419294942.78
1419294943.74 1419294943.74 1419294943.79
