1419294723.45 1419294723.45 1419294723.5
1419294724.45 1419294724.45 1419294724.55
1419294725.45 1419294725.45 1419294725.51
1419294726.45 1419294726.45 1419294726.55
1419294727.45 1419294727.45 1419294727.54
1419294728.45 1419294728.45 1419294728.55
1419294729.45 1419294729.45 1419294729.55
1419294730.46 1419294730.46 1419294730.54
1419294731.46 1419294731.46 1419294731.55
1419294732.46 1419294732.46 1419294732.56
1419294733.46 1419294733.46 1419294733.55
1419294734.46 1419294734.46 1419294734.55
1419294735.46 1419294735.46 1419294735.55
1419294736.46 1419294736.46 1419294736.56
1419294737.46 1419294737.46 1419294737.56
1419294738.46 1419294738.46 1419294738.55
1419294739.47 1419294739.47 1419294739.55
1419294740.47 1419294740.47 1419294740.56
1419294741.47 1419294741.47 1419294741.56
1419294742.47 1419294742.47 1419294742.57
1419294743.47 1419294743.47 1419294743.57
1419294744.47 1419294744.47 1419294744.56
1419294745.47 1419294745.48 1419294745.57
1419294746.48 1419294746.48 1419294746.56
1419294747.48 1419294747.48 1419294747.57
1419294748.48 1419294748.48 1419294748.57
1419294749.48 1419294749.48 1419294749.57
1419294750.48 1419294750.48 1419294750.57
1419294751.48 1419294751.48 1419294751.57
1419294752.48 1419294752.48 1419294752.57
1419294753.48 1419294753.49 1419294753.57
1419294754.49 1419294754.49 1419294754.58
1419294755.49 1419294755.49 1419294755.57
1419294756.49 1419294756.49 1419294756.58
1419294757.49 1419294757.49 1419294757.58
1419294758.49 1419294758.49 1419294758.58
1419294759.49 1419294759.49 1419294759.58
1419294760.49 1419294760.5 1419294760.58
1419294761.5 1419294761.5 1419294761.58
1419294762.5 1419294762.5 1419294762.59
1419294763.5 1419294763.5 1419294763.59
1419294764.5 1419294764.5 1419294764.59
1419294765.5 1419294765.5 1419294765.59
1419294766.5 1419294766.5 1419294766.59
1419294767.5 1419294767.5 1419294767.59
1419294768.5 1419294768.51 1419294768.59
1419294769.51 1419294769.51 1419294769.59
1419294770.51 1419294770.51 1419294770.59
1419294771.51 1419294771.51 1419294771.6
1419294772.51 1419294772.51 1419294772.6
1419294773.51 1419294773.51 1419294773.6
1419294774.51 1419294774.51 1419294774.6
1419294775.51 1419294775.52 1419294775.6
1419294776.52 1419294776.52 1419294776.6
1419294777.52 1419294777.52 1419294777.6
1419294778.52 1419294778.52 1419294778.6
1419294779.52 1419294779.52 1419294779.6
1419294780.52 1419294780.52 1419294780.61
1419294781.52 1419294781.52 1419294781.61
1419294782.52 1419294782.53 1419294782.62
1419294783.53 1419294783.53 1419294783.61
1419294784.53 1419294784.53 1419294784.62
1419294785.53 1419294785.53 1419294785.62
1419294786.53 1419294786.53 1419294786.62
1419294787.53 1419294787.53 1419294787.62
1419294788.53 1419294788.53 1419294788.62
1419294789.53 1419294789.53 1419294789.62
1419294790.53 1419294790.54 1419294790.62
1419294791.54 1419294791.54 1419294800.57
1419294792.54 1419294800.57 1419294800.62
1419294793.54 1419294800.62 1419294800.66
1419294794.54 1419294800.66 1419294800.7
1419294795.54 1419294800.7 1419294800.74
1419294796.54 1419294800.74 1419294800.78
1419294797.54 1419294800.78 1419294800.82
1419294798.54 1419294800.82 1419294800.86
1419294799.55 1419294800.86 1419294800.9
1419294800.55 1419294800.9 1419294800.94
1419294801.55 1419294801.55 1419294801.59
1419294802.55 1419294802.55 1419294802.59
1419294803.55 1419294803.55 1419294803.59
1419294804.55 1419294804.55 1419294804.6
1419294805.55 1419294805.55 1419294805.6
1419294806.56 1419294806.56 1419294806.6
1419294807.56 1419294807.56 1419294807.6
1419294808.56 1419294808.56 1419294808.6
1419294809.56 1419294809.56 1419294809.6
1419294810.56 1419294810.56 1419294810.6
1419294811.56 1419294811.56 1419294811.61
1419294812.56 1419294812.56 1419294812.61
1419294813.56 1419294813.57 1419294813.61
1419294814.57 1419294814.57 1419294814.61
1419294815.57 1419294815.57 1419294815.61
1419294816.57 1419294816.57 1419294816.61
1419294817.57 1419294817.57 1419294817.61
1419294818.57 1419294818.57 1419294818.61
1419294819.57 1419294819.57 1419294819.61
1419294820.57 1419294820.57 1419294820.62
1419294821.57 1419294821.58 1419294821.62
1419294822.58 1419294822.58 1419294822.62
1419294823.58 1419294823.58 1419294823.62
1419294824.58 1419294824.58 1419294824.62
1419294825.58 1419294825.58 1419294825.62
1419294826.58 1419294826.58 1419294826.63
1419294827.58 1419294827.58 1419294827.63
1419294828.58 1419294828.58 1419294828.63
1419294829.58 1419294829.59 1419294829.63
1419294830.59 1419294830.59 1419294830.63
1419294831.59 1419294831.59 1419294831.63
1419294832.59 1419294832.59 1419294832.64
1419294833.59 1419294833.59 1419294833.64
1419294834.59 1419294834.59 1419294834.64
1419294835.59 1419294835.59 1419294835.64
1419294836.59 1419294836.6 1419294836.64
1419294837.6 1419294837.6 1419294837.65
1419294838.6 1419294838.6 1419294838.64
1419294839.6 1419294839.6 1419294839.64
1419294840.6 1419294840.6 1419294840.64
1419294841.6 1419294841.6 1419294841.65
1419294842.6 1419294842.6 1419294842.65
1419294843.6 1419294843.6 1419294843.65
1419294844.6 1419294844.61 1419294844.65
1419294845.61 1419294845.61 1419294845.65
1419294846.61 1419294846.61 1419294846.66
1419294847.61 1419294847.61 1419294847.65
1419294848.61 1419294848.61 1419294848.66
1419294849.61 1419294849.61 1419294849.66
1419294850.61 1419294850.61 1419294850.66
1419294851.61 1419294851.61 1419294851.66
1419294852.62 1419294852.62 1419294852.66
1419294853.62 1419294853.62 1419294853.66
1419294854.62 1419294854.62 1419294854.67
1419294855.62 1419294855.62 1419294855.66
1419294856.62 1419294856.62 1419294856.67
1419294857.62 1419294857.62 1419294857.67
1419294858.62 1419294858.62 1419294858.67
1419294859.62 1419294859.62 1419294859.67
1419294860.63 1419294860.63 1419294860.67
1419294861.63 1419294861.63 1419294861.67
1419294862.63 1419294862.63 1419294862.67
1419294863.63 1419294863.63 1419294863.67
1419294864.63 1419294864.63 1419294864.68
1419294865.63 1419294865.63 1419294865.68
1419294866.63 1419294866.64 1419294866.68
1419294867.64 1419294867.64 1419294867.68
1419294868.64 1419294868.64 1419294868.68
1419294869.64 1419294869.64 1419294869.68
1419294870.64 1419294870.64 1419294870.68
1419294871.64 1419294871.64 1419294871.69
1419294872.64 1419294872.64 1419294872.69
1419294873.64 1419294873.65 1419294873.69
1419294874.65 1419294874.65 1419294874.69
1419294875.65 1419294875.65 1419294875.69
1419294876.65 1419294876.65 1419294876.69
1419294877.65 1419294877.65 1419294877.7
1419294878.65 1419294878.65 1419294878.69
1419294879.65 1419294879.65 1419294879.7
1419294880.65 1419294880.65 1419294880.7
1419294881.65 1419294881.66 1419294881.7
1419294882.66 1419294882.66 1419294882.7
1419294883.66 1419294883.66 1419294883.7
1419294884.66 1419294884.66 1419294884.7
1419294885.66 1419294885.66 1419294885.71
1419294886.66 1419294886.66 1419294886.71
1419294887.66 1419294887.66 1419294887.71
1419294888.66 1419294888.66 1419294888.71
1419294889.67 1419294889.67 1419294889.71
1419294890.67 1419294890.67 1419294890.71
1419294891.67 1419294891.67 1419294891.71
1419294892.67 1419294892.67 1419294892.72
1419294893.67 1419294893.67 1419294893.71
1419294894.67 1419294894.67 1419294894.72
1419294895.67 1419294895.68 1419294895.72
1419294896.68 1419294896.68 1419294896.72
1419294897.68 1419294897.68 1419294897.72
1419294898.68 1419294898.68 1419294898.72
1419294899.68 1419294899.68 1419294899.72
1419294900.68 1419294900.68 1419294900.73
1419294901.68 1419294901.68 1419294901.86
1419294902.68 1419294902.68 1419294902.73
1419294903.69 1419294903.69 1419294903.77
1419294904.69 1419294904.69 1419294904.78
1419294905.69 1419294905.69 1419294905.78
1419294906.69 1419294906.69 1419294906.79
1419294907.69 1419294907.69 1419294907.78
1419294908.69 1419294908.69 1419294908.78
1419294909.69 1419294909.69 1419294909.78
1419294910.69 1419294910.7 1419294910.79
1419294911.7 1419294911.7 1419294911.79
1419294912.7 1419294912.7 1419294912.79
1419294913.7 1419294913.7 1419294913.79
1419294914.7 1419294914.7 1419294914.79
1419294915.7 1419294915.7 1419294915.8
1419294916.7 1419294916.7 1419294916.8
1419294917.7 1419294917.7 1419294917.79
1419294918.71 1419294918.71 1419294918.79
1419294919.71 1419294919.71 1419294919.79
1419294920.71 1419294920.71 1419294920.81
1419294921.71 1419294921.71 1419294921.8
1419294922.71 1419294922.71 1419294922.8
1419294923.71 1419294923.71 1419294923.8
1419294924.71 1419294924.71 1419294924.8
1419294925.71 1419294925.72 1419294925.81
1419294926.72 1419294926.72 1419294926.8
1419294927.72 1419294927.72 1419294927.81
1419294928.72 1419294928.72 1419294928.81
1419294929.72 1419294929.72 1419294929.82
1419294930.72 1419294930.72 1419294930.81
1419294931.72 1419294931.72 1419294931.81
1419294932.72 1419294932.72 1419294932.81
1419294933.73 1419294933.73 1419294933.81
1419294934.73 1419294934.73 1419294934.82
1419294935.73 1419294935.73 1419294935.81
1419294936.73 1419294936.73 1419294936.82
1419294937.73 1419294937.73 1419294937.82
1419294938.73 1419294938.73 1419294938.82
1419294939.73 1419294939.73 1419294939.82
1419294940.73 1419294940.74 1419294940.83
1419294941.74 1419294941.74 1419294941.82
1419294942.74 1419294942.74 1419294942.83
1419294943.74 1419294943.74 1419294943.82
